124
39
666
334
288
11
29
18
97
1
13
8485
249
7
1185
19
2127
114
365
149
98
294
7
282
67
59
256
45
420
73
471
2170
944
0
0
0
91
234
33
108
1947
766
4901
107
360
307
1059
100
95
168
383
13
1510
927
638
407
1029
786
4703
770
3811
1613
2468
1659
1279
1639
1609
195
3946
39
19
32
11179
208
362
351
5034
39
5392
290
165
274
1821
104
34
1051
314
1640
2195
66
597
1480
766
196
68
601
5563
1298
1298
1298
1299
1277
1298
1298
1298
1298
1298
2880
0
0
0
0
0
493
1173
426
1
140
201
1439
305
42
4631
244
629
12
1288
154
73
1013
389
303
0
428
58
43
459
417
1825
910
391
839
1645
3043
1824
40
17
267
919
1138
10
82
14
1110
1168
131
