123
38
665
334
288
14
28
17
109
1
13
8486
255
8
1186
18
2126
114
365
164
98
293
6
281
66
58
257
46
420
72
471
2170
944
0
0
0
91
32
234
109
1946
765
4900
107
359
306
1059
101
96
168
385
12
1519
927
639
406
1028
716
4703
769
3811
1613
2467
1660
1280
1640
1610
194
3945
38
19
31
11179
207
363
350
5033
38
5392
292
165
275
1821
105
33
1050
314
1639
2194
65
597
1480
766
197
68
601
5564
1299
1299
1299
1299
1278
1299
1299
1299
1299
1299
2880
0
0
0
0
0
493
1172
426
1
140
201
1440
306
44
4631
245
629
11
1288
154
73
1013
390
302
0
428
57
43
459
416
1824
910
390
838
1644
3043
1825
40
20
267
919
1138
10
81
14
1111
1169
131
